t_s,cpu_busy_pct,cpu_temp_c,ram_used_gib,ram_available_gib,load_1min
0.0,0.09,32.1,8.49,490.79,0.21
5.0,0.50,32.1,8.49,490.79,0.27
11.0,4.00,40.5,8.93,490.35,0.25
17.0,4.98,41.9,9.09,490.18,0.31
22.0,6.37,42.8,9.65,489.63,0.49
28.0,6.34,42.2,10.16,489.12,0.53
34.0,3.51,41.0,9.94,489.33,0.57
39.0,6.37,43.9,10.46,488.82,0.60
45.0,4.83,44.4,10.12,489.16,0.64
51.0,6.42,45.0,10.80,488.48,0.67
56.0,4.90,43.8,11.17,488.11,0.69
62.0,14.65,42.5,12.67,486.60,0.72
68.0,23.47,41.1,12.83,486.44,2.04
73.0,20.52,41.2,13.44,485.83,3.15
79.0,6.52,42.6,13.45,485.83,2.98
85.0,3.58,42.4,14.12,485.15,2.82
91.0,3.60,45.0,14.57,484.71,2.68
96.0,3.59,45.2,14.72,484.56,2.54
102.0,3.59,44.2,15.22,484.06,2.42
108.0,3.60,43.4,15.52,483.75,2.27
113.0,3.60,43.9,15.42,483.86,2.17
119.0,3.60,44.1,15.03,484.24,2.08
125.0,3.62,44.4,14.99,484.28,1.99
130.0,3.57,44.1,17.02,482.26,1.91
136.0,1.76,41.2,17.00,482.28,1.84
142.0,2.22,43.2,17.12,482.16,1.69
147.0,3.58,43.5,17.39,481.89,1.74
153.0,3.56,43.6,17.63,481.65,1.68
159.0,3.73,41.1,17.30,481.98,1.62
164.0,5.16,42.5,17.25,482.03,1.57
170.0,4.99,44.8,17.31,481.97,1.53
176.0,6.45,45.0,17.64,481.64,1.49
181.0,6.45,45.2,17.82,481.45,1.45
187.0,3.55,43.4,18.27,481.01,1.41
193.0,4.94,45.4,17.83,481.45,1.42
198.0,6.48,44.1,17.37,481.90,1.39
204.0,5.04,45.9,18.07,481.20,1.36
210.0,6.42,46.5,18.24,481.03,1.33
215.0,11.10,44.0,20.15,479.13,1.38
221.0,23.46,43.5,20.75,478.53,2.55
227.0,23.06,43.6,23.06,476.22,2.43
233.0,6.52,43.9,20.88,478.40,2.36
238.0,3.64,42.4,21.54,477.73,2.25
244.0,3.68,45.8,21.81,477.47,2.15
250.0,3.67,46.2,21.93,477.35,2.06
255.0,3.62,44.5,22.63,476.65,1.97
261.0,3.64,44.8,23.06,476.22,1.90
267.0,3.65,44.8,23.14,476.13,1.82
272.0,3.61,45.5,22.71,476.57,1.84
278.0,3.64,45.0,22.83,476.44,1.78
284.0,3.63,44.5,24.39,474.89,1.71
289.0,1.94,41.4,24.28,475.00,1.58
295.0,1.45,42.8,24.22,475.06,1.45
301.0,3.63,43.9,24.47,474.81,1.41
306.0,3.61,43.9,24.50,474.77,1.38
312.0,3.67,42.0,24.34,474.94,1.35
318.0,3.73,40.6,24.11,475.17,1.37
323.0,4.99,43.9,24.48,474.80,1.34
329.0,7.92,44.8,24.81,474.47,1.31
335.0,5.09,45.4,24.87,474.41,1.29
340.0,4.98,44.1,25.50,473.78,1.26
346.0,4.98,44.8,24.95,474.33,1.24
352.0,6.47,44.6,25.08,474.20,1.22
357.0,4.95,45.4,25.09,474.19,1.34
363.0,6.53,46.2,25.50,473.78,1.31
369.0,8.46,45.2,26.88,472.40,1.36
374.0,21.07,44.4,27.35,471.93,1.33
380.0,23.57,43.6,27.14,472.13,1.31
386.0,11.38,44.4,28.26,471.02,1.28
392.0,3.67,42.9,29.17,470.11,1.26
397.0,3.64,46.0,29.44,469.84,1.29
403.0,3.66,46.9,29.39,469.89,1.27
409.0,3.67,45.6,29.92,469.35,1.25
414.0,3.66,44.8,30.20,469.08,1.23
420.0,3.66,46.1,30.33,468.95,1.29
426.0,3.65,45.8,30.44,468.83,1.27
431.0,3.68,45.6,30.42,468.86,1.25
437.0,3.63,45.6,31.66,467.62,1.22
443.0,2.78,43.0,31.45,467.83,1.18
448.0,0.80,40.6,31.15,468.12,1.09
454.0,3.68,44.2,31.25,468.03,1.08
460.0,3.65,43.5,31.77,467.51,1.07
465.0,3.69,42.1,31.60,467.68,1.07
471.0,3.71,40.4,31.37,467.91,1.06
477.0,5.11,44.6,31.65,467.63,1.06
482.0,6.48,45.4,31.72,467.56,1.20
488.0,6.51,46.1,32.12,467.15,3.67
494.0,5.10,44.9,32.47,466.81,3.45
499.0,5.01,44.2,31.95,467.33,3.26
505.0,5.10,45.9,32.14,467.14,3.08
511.0,4.93,46.4,31.95,467.33,2.91
516.0,7.97,46.6,32.52,466.76,5.24
522.0,3.84,45.2,33.69,465.59,4.90
528.0,20.11,44.6,35.16,464.12,5.65
534.0,23.49,43.6,35.20,464.08,5.28
539.0,17.05,44.0,36.22,463.06,4.93
545.0,4.06,44.5,36.63,462.65,4.62
551.0,3.69,45.4,36.83,462.44,4.33
556.0,3.71,46.8,36.81,462.46,4.06
562.0,3.70,46.5,37.14,462.14,3.82
568.0,3.72,46.2,37.47,461.81,3.46
573.0,3.75,46.2,37.68,461.60,3.26
579.0,3.69,44.6,37.95,461.33,3.08
585.0,3.74,45.5,37.77,461.50,2.91
590.0,3.69,45.1,37.95,461.33,2.76
596.0,3.68,44.2,39.57,459.71,2.62
602.0,0.74,40.4,39.20,460.08,2.41
607.0,3.14,43.8,39.20,460.08,2.19
613.0,3.72,44.4,39.25,460.03,2.10
619.0,3.71,44.0,39.08,460.20,2.01
624.0,3.75,41.4,38.87,460.41,1.93
630.0,2.22,39.5,38.66,460.62,1.85
636.0,9.94,45.0,39.72,459.55,2.02
641.0,5.10,45.8,39.50,459.78,1.94
647.0,6.52,45.6,39.45,459.82,1.87
653.0,3.75,43.0,39.54,459.73,1.81
659.0,3.81,41.0,39.40,459.88,1.74
664.0,9.06,45.4,40.29,458.99,1.92
670.0,13.00,45.6,41.16,458.12,2.09
675.0,13.19,42.9,40.74,458.54,2.24
681.0,13.21,43.0,40.36,458.92,2.38
687.0,13.23,41.4,39.95,459.33,2.51
693.0,13.26,40.8,39.63,459.64,2.90
698.0,13.22,40.5,39.41,459.86,3.06
704.0,13.22,40.6,39.16,460.11,3.14
710.0,13.20,40.6,39.04,460.24,3.21
715.0,13.22,40.5,38.91,460.37,3.27
721.0,13.20,40.5,38.84,460.43,3.33
727.0,13.25,40.6,38.81,460.46,3.39
732.0,13.21,40.5,38.81,460.47,3.55
738.0,13.25,40.6,38.81,460.47,3.59
744.0,13.22,40.6,38.80,460.48,3.70
749.0,13.22,42.4,39.09,460.19,3.73
755.0,13.20,41.6,39.02,460.26,3.75
761.0,12.95,40.9,38.98,460.30,3.77
766.0,5.28,43.5,38.26,461.02,3.55
772.0,5.94,44.9,38.44,460.84,3.34
778.0,4.35,44.0,38.77,460.51,3.06
784.0,3.76,41.0,38.76,460.52,2.89
789.0,8.89,40.2,38.76,460.52,2.98
795.0,13.22,40.5,38.76,460.52,3.06
801.0,13.22,40.8,38.76,460.52,3.14
806.0,13.22,40.8,38.76,460.51,3.21
812.0,13.27,41.1,38.76,460.52,3.35
818.0,13.23,40.9,38.76,460.51,3.52
823.0,13.24,41.1,38.76,460.52,3.56
829.0,13.22,41.0,38.75,460.52,3.60
835.0,13.22,41.2,38.75,460.52,3.63
840.0,13.20,41.1,38.74,460.53,3.66
846.0,13.25,41.2,38.76,460.52,3.69
852.0,13.21,41.1,38.75,460.52,3.71
857.0,13.20,41.4,38.75,460.53,3.83
863.0,13.21,41.2,38.75,460.52,3.84
869.0,13.21,41.2,38.75,460.53,3.86
875.0,13.22,41.0,38.76,460.52,3.87
880.0,9.45,40.4,38.75,460.52,3.80
886.0,3.76,40.5,37.84,461.43,3.57
892.0,5.22,43.1,38.04,461.23,3.37
897.0,5.14,45.6,38.32,460.96,3.08
903.0,5.18,44.9,38.75,460.53,3.00
909.0,3.75,41.6,38.75,460.52,2.84
914.0,5.96,40.1,38.76,460.51,2.85
920.0,13.21,40.5,38.76,460.51,2.94
926.0,13.22,40.9,38.76,460.52,3.03
931.0,13.18,40.8,38.75,460.53,3.10
937.0,13.25,40.9,38.75,460.52,3.26
943.0,13.19,40.9,38.76,460.52,3.52
948.0,13.21,40.9,38.76,460.51,3.56
954.0,13.20,40.9,38.76,460.52,3.60
960.0,13.20,40.8,38.76,460.52,3.71
965.0,13.25,40.9,38.76,460.52,3.73
971.0,13.23,41.0,38.77,460.51,3.76
977.0,13.20,41.0,38.76,460.51,3.78
982.0,13.22,41.0,38.77,460.51,3.88
988.0,13.19,41.0,38.76,460.52,3.89
994.0,13.21,41.1,38.76,460.51,4.14
1000.0,13.20,41.0,38.77,460.51,4.13
1005.0,11.30,40.8,38.76,460.51,4.20
1011.0,4.53,40.5,37.84,461.44,3.94
1017.0,3.77,40.1,37.85,461.43,3.71
1022.0,5.17,44.0,38.25,461.03,3.49
1028.0,6.57,44.6,38.43,460.84,3.18
1034.0,3.74,44.2,38.76,460.51,3.09
1039.0,3.81,41.9,38.76,460.51,2.92
1045.0,9.16,40.9,38.75,460.53,3.01
1051.0,13.21,40.8,38.75,460.53,3.09
1056.0,13.25,41.0,38.75,460.53,3.16
1062.0,13.23,40.9,38.75,460.53,3.23
1068.0,13.20,41.0,38.75,460.52,3.42
1073.0,13.22,40.9,38.76,460.52,3.47
1079.0,13.22,41.0,38.76,460.52,3.51
1085.0,13.24,40.9,38.76,460.52,3.55
1090.0,13.21,41.1,38.75,460.53,3.58
1096.0,13.23,40.9,38.75,460.52,3.62
1102.0,13.22,41.2,38.75,460.52,3.65
1107.0,13.22,41.0,38.76,460.52,3.78
1113.0,13.22,41.1,38.76,460.52,3.80
1119.0,13.21,41.0,38.75,460.52,3.81
1125.0,13.23,41.2,38.75,460.52,3.83
1130.0,13.22,41.0,38.77,460.51,3.84
1136.0,10.33,40.8,38.76,460.51,3.85
1142.0,3.76,40.5,37.84,461.44,3.63
1147.0,5.21,41.8,38.01,461.27,3.41
1153.0,3.73,45.2,38.31,460.97,3.12
1159.0,6.50,45.6,38.76,460.52,2.95
1164.0,3.77,42.0,38.77,460.51,2.87
1170.0,5.51,40.5,38.76,460.52,2.72
1176.0,13.23,40.9,38.76,460.52,2.82
1181.0,13.24,41.1,38.76,460.52,2.92
1187.0,13.21,41.1,38.75,460.52,3.00
1193.0,13.22,41.2,38.75,460.52,3.23
1198.0,13.20,41.2,38.75,460.52,3.29
1204.0,13.31,41.4,38.75,460.52,3.35
1210.0,13.21,41.4,38.75,460.53,3.40
1216.0,13.23,41.5,38.75,460.53,3.45
1221.0,13.19,41.5,38.75,460.53,3.58
1227.0,13.20,41.5,38.75,460.52,3.61
1233.0,13.22,41.6,38.75,460.52,3.82
1238.0,13.23,41.6,38.76,460.52,3.84
1244.0,13.21,41.6,38.75,460.52,3.85
1250.0,13.21,41.6,38.75,460.53,3.86
1255.0,13.23,41.5,38.76,460.52,3.87
1261.0,13.21,41.5,38.76,460.52,3.88
1267.0,5.77,40.5,37.86,461.42,3.81
1272.0,3.79,39.1,37.86,461.42,3.59
1278.0,5.19,43.5,38.29,460.99,3.34
1284.0,6.58,45.8,38.64,460.63,3.16
1289.0,3.73,43.6,38.76,460.52,2.98
1295.0,3.80,41.0,38.76,460.52,2.82
1301.0,12.06,41.2,38.75,460.53,2.92
1306.0,13.21,41.5,38.75,460.52,3.00
1312.0,13.22,41.5,38.75,460.53,3.08
1318.0,13.21,41.5,38.75,460.53,3.30
1323.0,13.25,41.6,38.75,460.53,3.36
1329.0,13.25,41.6,38.75,460.53,3.41
1335.0,13.21,41.6,38.75,460.53,3.45
1341.0,13.23,41.6,38.75,460.53,3.50
1346.0,13.23,41.6,38.75,460.52,3.54
1352.0,13.24,41.6,38.75,460.53,3.58
1358.0,13.21,41.5,38.75,460.53,3.72
1363.0,13.21,41.6,38.75,460.52,3.74
1369.0,13.22,41.8,38.75,460.53,3.76
1375.0,13.23,41.8,38.75,460.53,3.78
1380.0,13.22,41.8,38.74,460.54,3.80
1386.0,13.21,41.6,38.75,460.53,3.81
1392.0,6.54,40.9,37.84,461.44,3.75
1397.0,3.72,39.5,37.84,461.44,3.41
1403.0,5.13,45.0,38.27,461.01,3.21
1409.0,6.53,46.4,38.44,460.83,3.04
1414.0,3.80,44.5,38.76,460.52,3.03
1420.0,3.76,42.2,38.76,460.52,2.87
1426.0,9.92,41.4,38.76,460.52,2.96
1431.0,13.22,41.2,38.76,460.52,3.04
1437.0,13.24,41.4,38.76,460.52,3.12
1443.0,13.23,41.2,38.77,460.51,3.33
1448.0,13.20,41.4,38.77,460.51,3.38
1454.0,13.23,41.1,38.78,460.50,3.43
1460.0,13.23,41.2,38.77,460.51,3.48
1466.0,13.24,41.1,38.77,460.51,3.52
1471.0,13.19,41.4,38.76,460.52,3.56
1477.0,13.21,41.1,38.76,460.52,3.60
1483.0,13.20,41.2,38.75,460.52,3.73
1488.0,13.23,41.0,38.76,460.52,3.75
1494.0,13.23,41.2,38.76,460.52,3.77
1500.0,13.19,41.2,38.76,460.52,3.79
1505.0,13.24,41.4,38.76,460.51,3.81
1511.0,13.22,41.2,38.76,460.51,3.90
1517.0,10.24,41.1,38.76,460.52,3.91
1522.0,3.78,40.0,37.85,461.43,3.54
1528.0,3.73,40.2,37.88,461.40,3.33
1534.0,5.12,44.5,38.30,460.98,3.15
1540.0,6.44,46.2,38.76,460.51,2.97
1545.0,3.77,43.2,38.77,460.50,2.82
1551.0,4.95,41.8,38.78,460.50,2.67
1557.0,13.19,41.1,38.77,460.51,2.78
1562.0,13.20,41.2,38.76,460.51,2.88
1568.0,13.22,41.0,38.76,460.52,3.12
1574.0,13.22,41.1,38.76,460.52,3.19
1579.0,13.19,41.1,38.76,460.52,3.26
1585.0,13.22,41.1,38.75,460.52,3.32
1591.0,13.23,41.2,38.75,460.53,3.37
1596.0,13.22,41.2,38.74,460.53,3.42
1602.0,13.21,41.2,38.75,460.53,3.47
1608.0,13.23,41.5,38.75,460.53,3.62
1613.0,13.21,41.4,38.75,460.52,3.66
1619.0,13.24,41.4,38.75,460.52,3.68
1625.0,13.21,41.4,38.76,460.52,3.71
1631.0,13.24,41.8,38.75,460.52,3.73
1636.0,13.21,41.8,38.74,460.53,3.75
1642.0,12.80,41.6,38.74,460.54,3.77
1647.0,5.13,41.0,37.82,461.46,3.64
1653.0,3.83,40.5,37.83,461.45,3.51
1659.0,5.17,43.9,38.27,461.01,3.31
1665.0,6.55,45.2,38.48,460.80,3.12
1670.0,3.75,44.1,38.76,460.52,2.95
1676.0,3.78,42.0,38.76,460.52,2.80
1682.0,10.67,41.2,38.76,460.51,2.89
1687.0,13.27,41.0,38.76,460.52,3.06
1693.0,13.21,41.5,38.77,460.51,3.28
1699.0,13.23,41.5,38.76,460.52,3.34
1704.0,13.21,41.5,38.76,460.52,3.39
1710.0,13.22,41.4,38.76,460.52,3.44
1716.0,13.22,41.6,38.75,460.52,3.49
1721.0,13.23,41.6,38.75,460.53,3.53
1727.0,13.23,41.6,38.76,460.52,3.56
1733.0,13.21,41.6,38.75,460.52,3.71
1738.0,13.19,41.6,38.75,460.53,3.73
1744.0,13.22,41.6,38.75,460.53,3.75
1750.0,13.24,41.4,38.75,460.53,3.77
1756.0,13.21,41.2,38.75,460.53,3.79
1761.0,13.24,41.4,38.75,460.53,3.81
1767.0,13.20,41.2,38.74,460.54,3.82
1773.0,8.75,40.5,38.74,460.53,3.76
1778.0,3.76,39.9,37.85,461.43,3.54
1784.0,5.16,43.1,38.06,461.22,3.33
1790.0,5.10,44.8,38.37,460.91,3.15
1795.0,5.12,44.2,38.76,460.52,2.97
1801.0,3.74,41.4,38.76,460.52,2.82
1807.0,6.61,40.2,38.76,460.52,2.67
1812.0,13.21,41.0,38.76,460.52,2.78
1818.0,13.23,41.5,38.76,460.51,3.04
1824.0,13.23,41.5,38.76,460.51,3.12
1829.0,13.22,41.5,38.77,460.51,3.27
1835.0,13.20,41.4,38.76,460.51,3.33
1841.0,13.23,41.6,38.77,460.50,3.46
1846.0,13.18,41.8,38.77,460.51,3.50
1852.0,13.22,41.8,38.77,460.51,3.54
1858.0,13.23,41.8,38.77,460.51,3.69
1863.0,13.21,41.8,38.77,460.50,3.71
1869.0,13.21,41.8,38.78,460.50,3.82
1875.0,13.25,41.6,38.78,460.50,3.83
1881.0,13.20,41.8,38.77,460.51,3.85
1886.0,13.22,41.6,38.78,460.50,3.86
1892.0,13.23,41.6,38.78,460.50,3.87
1898.0,13.08,41.8,38.78,460.50,3.88
1903.0,4.09,41.4,37.85,461.42,3.65
1909.0,3.82,41.0,37.85,461.43,3.44
1915.0,5.17,45.5,38.30,460.98,3.24
1920.0,6.55,46.1,38.71,460.57,3.06
1926.0,3.80,43.8,38.78,460.50,2.90
1932.0,3.82,42.0,38.78,460.50,2.75
1937.0,12.28,41.2,38.78,460.50,2.85
1943.0,13.24,41.4,38.77,460.50,3.10
1949.0,13.21,41.2,38.78,460.50,3.17
1954.0,13.22,41.1,38.77,460.51,3.24
1960.0,13.21,41.1,38.77,460.50,3.30
1966.0,13.23,41.1,38.77,460.51,3.35
1971.0,13.23,41.2,38.77,460.51,3.41
1977.0,13.21,41.4,38.78,460.50,3.45
1983.0,13.21,41.4,38.77,460.51,3.76
1989.0,13.22,41.4,38.77,460.51,3.78
1994.0,13.20,41.4,38.76,460.51,3.80
2000.0,13.27,41.4,38.77,460.50,3.81
2006.0,13.19,41.4,38.77,460.51,3.83
2011.0,13.20,41.2,38.77,460.50,3.84
2017.0,13.27,41.4,38.77,460.50,3.86
2023.0,13.21,41.4,38.78,460.50,3.95
2028.0,7.53,40.6,38.77,460.51,3.72
2034.0,3.78,40.8,37.87,461.41,3.58
2040.0,5.13,43.9,38.08,461.20,3.37
2045.0,5.13,44.6,38.39,460.89,3.18
2051.0,5.16,44.8,38.77,460.50,3.01
2057.0,3.76,42.4,38.78,460.50,2.85
2062.0,6.41,41.1,38.78,460.49,2.70
2068.0,13.21,41.1,38.78,460.50,2.97
2074.0,13.23,41.4,38.77,460.51,3.05
2079.0,13.21,41.2,38.77,460.51,3.13
2085.0,13.22,41.4,38.78,460.50,3.20
2091.0,13.23,41.2,38.78,460.49,3.26
2096.0,13.19,41.5,38.78,460.50,3.32
2102.0,13.18,41.4,38.78,460.50,3.46
2108.0,13.29,41.4,38.78,460.50,3.62
2113.0,13.21,41.4,38.78,460.50,3.65
2119.0,13.22,41.5,38.77,460.50,3.67
2125.0,13.22,41.4,38.77,460.51,3.70
2131.0,13.23,41.4,38.77,460.51,3.73
2136.0,13.25,41.4,38.78,460.50,3.75
2142.0,13.21,41.6,38.77,460.50,3.77
2148.0,13.22,41.6,38.78,460.50,3.96
2153.0,12.86,41.6,38.78,460.50,3.96
2159.0,5.10,41.2,37.84,461.44,3.72
2165.0,3.77,40.6,37.85,461.43,3.51
2170.0,5.17,44.5,38.28,461.00,3.31
2176.0,6.53,45.9,38.51,460.77,3.12
2182.0,3.74,43.4,38.76,460.52,2.95
2187.0,3.76,41.5,38.77,460.51,2.79
2193.0,11.48,41.2,38.76,460.52,2.83
2199.0,13.24,41.2,38.76,460.52,2.93
2204.0,13.21,41.2,38.77,460.51,3.01
2210.0,13.22,41.2,38.77,460.51,3.09
2216.0,13.20,41.4,38.77,460.51,3.16
2221.0,13.20,41.1,38.76,460.52,3.23
2227.0,13.20,41.5,38.76,460.52,3.29
2233.0,13.24,41.5,38.76,460.52,3.48
2238.0,13.18,41.5,38.76,460.52,3.52
2244.0,13.21,41.4,38.76,460.52,3.56
2250.0,13.21,41.4,38.75,460.52,3.59
2256.0,13.27,41.4,38.76,460.52,3.63
2261.0,13.22,41.4,38.76,460.52,3.66
2267.0,13.19,41.4,38.75,460.53,3.68
2273.0,13.22,41.6,38.76,460.52,3.81
2278.0,13.21,41.5,38.76,460.51,3.82
2284.0,9.14,40.9,38.76,460.52,3.68
2290.0,3.77,39.9,37.85,461.43,3.54
2295.0,5.23,41.6,38.03,461.25,3.34
2301.0,3.68,44.0,38.31,460.96,3.15
2307.0,6.51,45.2,38.77,460.51,2.98
2312.0,3.75,42.0,38.77,460.51,2.82
2318.0,5.47,40.8,38.77,460.51,2.85
2324.0,13.18,41.0,38.78,460.50,2.95
2329.0,13.24,41.2,38.76,460.51,3.03
2335.0,13.20,41.4,38.76,460.51,3.11
2341.0,13.23,41.4,38.76,460.52,3.18
2347.0,13.20,41.5,38.76,460.52,3.25
2352.0,13.24,41.6,38.76,460.52,3.31
2358.0,13.23,41.6,38.76,460.52,3.49
2364.0,13.23,41.6,38.75,460.52,3.53
2369.0,13.21,41.6,38.74,460.53,3.57
2375.0,13.26,41.9,38.74,460.53,3.60
2381.0,13.22,41.8,38.74,460.53,3.63
2386.0,13.22,41.6,38.75,460.53,3.66
2392.0,13.23,41.8,38.74,460.53,3.77
2398.0,13.22,41.9,38.75,460.53,3.88
2403.0,13.25,41.8,38.74,460.53,3.89
2409.0,12.48,41.6,38.74,460.54,3.90
2415.0,5.43,40.6,37.82,461.46,3.75
2420.0,3.75,39.5,37.82,461.46,3.61
2426.0,5.14,43.9,38.26,461.01,5.88
2432.0,6.52,44.6,38.49,460.79,5.49
2437.0,3.72,42.8,38.76,460.52,5.13
2443.0,3.79,41.2,38.75,460.52,4.72
2449.0,11.22,41.2,38.76,460.52,4.66
2454.0,13.24,41.4,38.76,460.52,4.60
2460.0,13.22,41.6,38.76,460.52,4.56
2466.0,13.24,41.6,38.76,460.52,4.51
2472.0,13.20,41.6,38.75,460.52,4.47
2477.0,13.23,41.6,38.75,460.52,4.51
2483.0,13.21,41.9,38.75,460.52,4.58
2489.0,13.23,41.8,38.75,460.53,4.53
2494.0,13.26,41.9,38.75,460.53,4.49
2500.0,13.21,41.9,38.76,460.52,4.45
2506.0,13.19,41.9,38.75,460.52,4.41
2511.0,13.25,41.8,38.76,460.51,4.38
2517.0,13.17,41.9,38.76,460.52,4.35
2523.0,13.24,41.8,38.76,460.51,4.30
2528.0,13.23,41.9,38.77,460.51,4.27
2534.0,13.20,41.8,38.77,460.51,4.25
2540.0,8.68,41.4,37.85,461.43,3.99
2545.0,3.78,41.1,37.84,461.44,3.75
2551.0,5.11,44.6,38.23,461.05,3.53
2557.0,5.11,46.8,38.41,460.86,3.33
2562.0,5.11,45.4,38.77,460.51,3.14
2568.0,3.77,42.8,38.77,460.50,2.88
2574.0,8.29,41.6,38.77,460.50,2.97
2579.0,13.23,41.5,38.78,460.50,3.14
2585.0,13.20,41.8,38.76,460.52,3.21
2591.0,13.22,41.6,38.76,460.52,3.27
2597.0,13.23,41.9,38.75,460.52,3.33
2602.0,13.23,41.6,38.75,460.53,3.46
2608.0,13.21,41.9,38.75,460.53,3.62
2614.0,13.27,41.6,38.75,460.53,3.65
2619.0,13.23,41.8,38.76,460.52,3.68
2625.0,13.20,41.6,38.76,460.52,3.70
2631.0,13.20,41.9,38.76,460.52,3.81
2636.0,13.22,41.8,38.75,460.52,3.82
2642.0,13.22,42.0,38.75,460.52,3.84
2648.0,13.23,41.9,38.75,460.53,3.94
2653.0,13.22,42.0,38.76,460.52,3.94
2659.0,13.21,41.8,38.76,460.52,3.95
2665.0,8.69,41.5,38.76,460.52,3.79
2670.0,3.79,40.9,37.84,461.44,3.57
2676.0,3.76,40.8,37.86,461.42,3.36
2682.0,5.12,43.9,38.28,460.99,3.17
2688.0,6.54,46.8,38.75,460.52,3.00
2693.0,3.73,42.9,38.77,460.51,2.76
2699.0,4.17,41.4,38.77,460.51,2.62
2705.0,13.17,41.2,38.76,460.52,2.73
2710.0,13.23,41.2,38.76,460.52,2.83
2716.0,13.21,41.2,38.77,460.51,2.93
2722.0,13.21,41.2,38.76,460.52,3.01
2727.0,13.19,41.4,38.77,460.51,3.09
2733.0,13.24,41.4,38.77,460.51,3.31
2739.0,13.28,41.5,38.76,460.51,3.36
2744.0,13.20,41.8,38.77,460.51,3.41
2750.0,13.22,41.8,38.77,460.51,3.46
2756.0,13.21,41.8,38.77,460.51,3.50
2761.0,13.21,41.8,38.76,460.51,3.54
2767.0,13.26,41.6,38.76,460.51,3.58
2773.0,13.24,41.6,38.76,460.51,3.72
2778.0,13.21,41.6,38.76,460.52,3.74
2784.0,13.22,41.6,38.76,460.52,3.76
2790.0,13.21,41.5,38.76,460.51,3.78
2796.0,6.36,41.5,37.86,461.42,3.56
2801.0,3.76,40.9,37.86,461.42,3.35
2807.0,5.17,44.1,38.29,460.99,3.16
2813.0,6.57,45.6,38.49,460.79,2.99
2818.0,3.73,44.2,38.78,460.50,2.76
2824.0,3.75,41.4,38.78,460.49,2.62
2830.0,10.58,41.1,38.78,460.50,2.81
2835.0,13.18,41.2,38.78,460.50,2.90
2841.0,13.22,41.4,38.78,460.50,2.99
2847.0,13.22,41.4,38.77,460.50,3.07
2852.0,13.21,41.5,38.77,460.50,3.15
2858.0,13.28,41.4,38.78,460.50,3.35
2864.0,13.22,41.6,38.78,460.50,3.40
2869.0,13.26,41.4,38.78,460.49,3.45
2875.0,13.20,41.6,38.78,460.50,3.50
2881.0,13.22,41.6,38.77,460.50,3.54
2886.0,13.25,41.6,38.77,460.50,3.57
2892.0,13.21,41.5,38.78,460.50,3.69
2898.0,13.24,41.8,38.78,460.50,3.88
2904.0,13.24,41.8,38.78,460.50,3.89
2909.0,13.22,41.9,38.77,460.50,3.90
2915.0,13.21,41.8,38.78,460.50,3.91
2921.0,9.65,41.4,37.87,461.41,3.84
2926.0,3.79,40.0,37.87,461.41,3.61
2932.0,5.15,43.9,38.25,461.02,3.40
2938.0,5.11,44.8,38.44,460.84,3.21
2943.0,5.10,44.0,38.79,460.49,3.09
2949.0,3.77,41.2,38.78,460.50,2.92
2955.0,7.89,40.6,38.79,460.49,3.09
2960.0,13.23,41.1,38.80,460.48,3.16
2966.0,13.20,41.6,38.80,460.48,3.23
2972.0,13.21,41.5,38.80,460.48,3.29
2977.0,13.26,41.8,38.79,460.49,3.35
2983.0,13.22,41.6,38.80,460.48,3.52
2989.0,13.23,42.0,38.79,460.49,3.64
2995.0,13.19,41.8,38.79,460.49,3.67
3000.0,13.20,41.9,38.79,460.49,3.70
3006.0,13.23,41.8,38.79,460.49,3.72
3012.0,13.30,41.9,38.79,460.49,3.74
3017.0,13.22,41.6,38.79,460.48,3.84
3023.0,13.23,41.6,38.79,460.48,3.94
3029.0,13.21,41.6,38.80,460.48,3.95
3034.0,13.21,41.8,38.80,460.48,3.95
3040.0,13.18,41.5,38.79,460.49,3.96
3046.0,10.74,41.5,38.79,460.49,3.96
3051.0,3.95,40.2,37.86,461.41,3.72
3057.0,3.79,39.8,37.90,461.37,3.50
3063.0,5.11,44.1,38.31,460.97,3.19
3068.0,6.55,46.8,38.77,460.51,3.02
3074.0,3.76,42.8,38.77,460.51,2.86
3080.0,4.82,40.6,38.77,460.51,2.71
3085.0,13.21,41.1,38.77,460.51,2.81
3091.0,13.24,41.2,38.78,460.50,2.91
3097.0,13.23,41.4,38.78,460.49,2.99
3103.0,13.23,41.2,38.78,460.50,3.07
3108.0,13.22,41.1,38.77,460.51,3.29
3114.0,13.24,41.1,38.77,460.50,3.35
3120.0,13.21,41.1,38.77,460.51,3.40
3125.0,13.25,41.1,38.78,460.50,3.45
3131.0,13.27,41.1,38.77,460.50,3.49
3137.0,13.23,41.0,38.78,460.50,3.53
3142.0,13.23,41.0,38.79,460.49,3.57
3148.0,13.21,40.9,38.79,460.49,3.71
3154.0,13.21,40.9,38.78,460.50,3.74
3159.0,13.22,40.9,38.78,460.50,3.76
3165.0,13.20,40.8,38.78,460.50,3.78
3171.0,13.17,40.6,38.78,460.50,3.79
3176.0,6.51,39.8,37.87,461.40,3.73
3182.0,3.73,38.4,37.87,461.41,3.51
3188.0,5.12,42.9,38.31,460.97,3.20
3193.0,6.53,43.5,38.51,460.77,3.02
3199.0,3.74,41.4,38.79,460.49,2.86
3205.0,3.74,39.2,38.79,460.48,2.71
3210.0,11.03,39.6,38.79,460.48,2.81
3216.0,13.26,39.9,38.79,460.48,2.91
3222.0,13.21,40.1,38.79,460.49,3.00
3228.0,13.24,40.0,38.79,460.49,3.08
3233.0,13.21,40.1,38.78,460.50,3.29
3239.0,13.23,40.0,38.77,460.50,3.35
3245.0,13.23,40.2,38.78,460.50,3.40
3250.0,13.22,40.0,38.77,460.50,3.53
3256.0,13.19,40.2,38.78,460.50,3.57
3262.0,13.22,40.1,38.77,460.50,3.60
3267.0,13.21,40.0,38.77,460.50,3.64
3273.0,13.22,39.9,38.78,460.50,3.91
3279.0,13.22,40.0,38.77,460.51,3.92
3284.0,13.22,39.9,38.77,460.50,3.93
3290.0,13.23,39.9,38.77,460.51,3.93
3296.0,13.24,39.8,38.77,460.50,3.94
3301.0,8.63,39.6,37.87,461.41,3.94
3307.0,3.72,39.1,37.85,461.42,3.71
3313.0,5.21,42.5,38.20,461.08,3.36
3318.0,5.14,44.8,38.38,460.90,5.66
3324.0,5.18,42.5,38.77,460.51,5.29
3330.0,3.76,39.5,38.78,460.49,5.02
3336.0,7.22,38.6,38.79,460.49,4.70
3341.0,13.26,39.2,38.79,460.48,4.64
3347.0,13.23,39.6,38.78,460.50,4.67
3353.0,13.21,39.5,38.77,460.50,4.62
3358.0,13.23,39.6,38.77,460.51,4.60
3364.0,13.24,39.5,38.78,460.50,4.63
3370.0,13.22,39.5,38.79,460.49,4.58
3375.0,13.23,39.5,38.79,460.48,4.53
3381.0,13.21,39.8,38.79,460.49,4.65
3387.0,13.23,39.8,38.79,460.49,4.60
3392.0,13.23,39.8,38.80,460.48,4.55
3398.0,13.20,39.9,38.79,460.49,4.62
3404.0,13.22,39.8,38.78,460.49,4.57
3409.0,13.23,40.0,38.78,460.49,4.52
3415.0,13.22,39.8,38.78,460.50,4.48
3421.0,13.23,39.6,38.79,460.49,4.52
3426.0,12.76,39.6,38.78,460.50,4.48
3432.0,4.02,38.5,37.87,461.41,4.20
3438.0,3.79,37.1,37.86,461.41,3.78
3444.0,5.14,43.8,38.30,460.97,3.56
3449.0,6.52,44.4,38.49,460.78,3.35
3455.0,3.80,41.2,38.77,460.50,3.17
3461.0,3.76,38.6,38.78,460.50,3.15
3466.0,10.61,38.6,38.78,460.50,3.22
3472.0,13.21,38.9,38.77,460.50,3.36
3478.0,13.22,39.1,38.78,460.50,3.41
3483.0,13.25,39.1,38.78,460.50,3.58
3489.0,13.21,39.2,38.77,460.51,3.69
3495.0,13.21,39.1,38.77,460.51,3.72
3500.0,13.18,39.2,38.77,460.51,3.82
3506.0,13.19,39.1,38.78,460.50,3.84
3512.0,13.20,39.1,38.78,460.50,3.85
3517.0,13.22,39.0,38.78,460.50,3.86
3523.0,13.23,39.2,38.77,460.51,4.04
3529.0,13.22,39.1,38.78,460.50,4.03
3534.0,13.21,39.2,38.78,460.50,4.03
3540.0,13.19,39.2,38.78,460.50,4.03
3546.0,13.21,39.4,38.78,460.50,4.03
3551.0,13.21,39.2,38.78,460.50,4.02
3557.0,8.54,38.5,37.89,461.39,4.10
3563.0,3.77,38.6,37.85,461.42,3.70
3569.0,5.15,41.8,38.19,461.09,3.48
3574.0,5.11,44.6,38.36,460.92,3.28
3580.0,5.18,42.8,38.76,460.52,3.10
3586.0,3.73,40.4,38.76,460.52,2.93
3591.0,6.68,39.1,38.76,460.52,2.78
3597.0,13.20,39.0,38.76,460.51,2.87
3603.0,13.23,39.4,38.76,460.52,2.96
3608.0,13.21,39.1,38.77,460.51,3.20
3614.0,13.30,39.2,38.77,460.51,3.26
3620.0,13.21,39.2,38.77,460.51,3.40
3625.0,13.22,39.2,38.77,460.51,3.45
3631.0,13.23,39.2,38.77,460.50,3.49
3637.0,13.21,39.1,38.77,460.51,3.54
3642.0,13.23,39.1,38.77,460.51,3.57
3648.0,13.23,39.2,38.77,460.50,3.71
3654.0,13.22,39.1,38.78,460.50,3.74
3659.0,13.23,39.2,38.77,460.51,3.76
3665.0,13.23,39.2,38.77,460.51,3.78
3671.0,13.23,39.5,38.78,460.50,3.80
3677.0,13.22,39.2,38.78,460.50,3.81
3682.0,13.01,39.1,38.78,460.50,3.83
3688.0,4.66,38.8,37.84,461.43,3.54
3694.0,3.76,38.2,37.85,461.43,3.34
3699.0,5.20,42.1,38.29,460.99,3.15
3705.0,6.55,42.5,38.46,460.82,2.98
3711.0,3.73,40.2,38.78,460.49,2.82
3716.0,3.81,38.0,38.78,460.49,2.67
3722.0,10.47,38.4,38.78,460.50,2.54
3728.0,13.25,38.8,38.78,460.49,2.65
3733.0,13.23,39.1,38.77,460.51,3.01
3739.0,13.20,39.2,38.77,460.51,3.09
3745.0,13.20,39.2,38.77,460.51,3.24
3750.0,13.22,39.0,38.76,460.51,3.38
3756.0,13.22,39.1,38.77,460.51,3.43
3762.0,13.25,39.1,38.77,460.51,3.48
3768.0,13.22,39.2,38.77,460.51,3.52
3773.0,13.24,39.1,38.77,460.51,3.67
3779.0,13.21,39.2,38.77,460.51,3.70
3785.0,13.22,39.1,38.76,460.52,3.72
3790.0,13.22,39.2,38.76,460.52,3.74
3796.0,13.21,39.1,38.76,460.52,3.76
3802.0,13.21,39.1,38.75,460.52,3.78
3807.0,13.22,39.1,38.75,460.52,3.80
3813.0,8.43,38.8,37.85,461.43,3.88
3819.0,3.86,37.1,37.85,461.42,3.65
3824.0,5.15,40.9,38.25,461.03,3.44
3830.0,5.10,42.0,38.44,460.84,3.24
3836.0,5.10,41.0,38.77,460.51,3.06
3841.0,3.77,39.2,38.77,460.51,2.90
3847.0,8.38,38.8,38.78,460.50,2.75
3853.0,13.23,38.9,38.77,460.51,2.93
3858.0,13.21,39.1,38.76,460.51,3.33
3864.0,13.22,39.0,38.77,460.51,3.38
3870.0,13.23,39.1,38.76,460.51,3.43
3876.0,13.21,39.0,38.76,460.51,3.48
3881.0,13.26,39.1,38.76,460.51,3.52
3887.0,13.23,38.9,38.76,460.52,3.56
3893.0,13.23,39.1,38.76,460.51,3.59
3898.0,13.20,39.1,38.77,460.51,3.80
3904.0,13.21,39.2,38.77,460.51,3.82
3910.0,13.23,39.2,38.77,460.51,3.83
3915.0,13.26,39.2,38.78,460.50,3.85
3921.0,13.23,39.2,38.78,460.50,3.86
3927.0,13.23,39.2,38.77,460.51,3.87
3932.0,13.21,39.1,38.77,460.50,3.88
3938.0,11.00,38.9,38.78,460.50,3.89
3944.0,4.12,38.4,37.87,461.41,3.66
3949.0,3.77,38.1,37.87,461.41,3.45
3955.0,5.13,41.1,38.29,460.98,3.25
3961.0,6.58,43.2,38.73,460.55,3.07
3967.0,3.79,41.4,38.77,460.51,2.91
3972.0,3.80,39.5,38.77,460.51,2.75
3978.0,12.51,39.0,38.76,460.52,2.85
3984.0,13.22,38.9,38.76,460.52,3.10
3989.0,13.22,39.0,38.76,460.51,3.18
3995.0,13.22,38.9,38.76,460.52,3.32
4001.0,13.21,39.0,38.76,460.52,3.38
4006.0,13.22,38.9,38.76,460.51,3.43
4012.0,13.21,39.0,38.77,460.51,3.47
4018.0,13.23,39.0,38.76,460.51,3.60
4023.0,13.20,39.0,38.77,460.51,3.81
4029.0,13.22,38.9,38.77,460.51,3.82
4035.0,13.21,39.0,38.76,460.51,3.84
4040.0,13.20,38.9,38.77,460.51,3.93
4046.0,13.23,39.0,38.76,460.52,4.02
4052.0,13.23,38.9,38.77,460.51,4.01
4058.0,13.26,39.0,38.76,460.51,4.01
4063.0,13.21,39.0,38.77,460.51,4.08
4069.0,7.77,38.1,37.84,461.44,3.92
4075.0,3.79,37.4,37.84,461.43,3.68
4080.0,5.15,41.1,38.23,461.05,3.47
4086.0,5.18,41.8,38.42,460.86,3.27
4092.0,5.11,41.0,38.75,460.52,3.09
4097.0,3.75,38.8,38.75,460.52,2.92
4103.0,8.41,38.2,38.75,460.53,2.94
4109.0,13.25,38.6,38.75,460.53,3.02
4114.0,13.20,38.9,38.75,460.53,3.10
4120.0,13.23,38.9,38.75,460.53,3.17
4126.0,13.23,42.0,39.04,460.24,3.24
4131.0,13.21,40.5,38.99,460.29,3.30
4137.0,13.21,39.4,38.94,460.34,3.36
4143.0,13.23,39.0,38.89,460.39,3.41
4148.0,13.22,39.0,38.85,460.43,3.57
4154.0,13.21,38.9,38.81,460.47,3.61
4160.0,13.22,38.9,38.78,460.50,3.64
4166.0,13.22,38.9,38.76,460.51,3.67
4171.0,13.22,38.9,38.76,460.51,3.70
4177.0,13.28,38.9,38.76,460.52,3.72
4183.0,13.23,38.9,38.77,460.51,3.74
4188.0,13.20,38.9,38.77,460.51,4.00
4194.0,11.84,38.8,38.77,460.51,3.92
4200.0,3.72,38.5,37.83,461.45,3.69
4205.0,3.77,37.9,37.84,461.43,3.47
4211.0,5.14,42.4,38.28,461.00,3.28
4217.0,6.63,43.0,38.49,460.79,3.09
4222.0,3.78,40.2,38.76,460.52,2.92
4228.0,3.79,38.5,38.76,460.52,2.78
4234.0,11.22,38.5,38.76,460.51,2.88
4239.0,13.24,38.6,38.77,460.51,2.97
4245.0,13.21,38.8,38.77,460.51,3.05
4251.0,13.22,38.8,38.77,460.51,3.13
4257.0,13.22,38.9,38.77,460.51,3.20
4262.0,13.24,38.9,38.77,460.50,3.34
4268.0,13.21,38.9,38.77,460.51,3.40
4274.0,13.22,38.9,38.77,460.51,3.56
4279.0,13.18,38.9,38.77,460.51,3.60
4285.0,13.21,38.9,38.77,460.51,3.71
4291.0,13.20,38.9,38.76,460.51,3.73
4296.0,13.29,39.0,38.77,460.51,3.75
4302.0,13.21,39.0,38.77,460.51,3.77
4308.0,13.19,38.9,38.76,460.52,3.79
4313.0,13.21,39.0,38.76,460.52,3.90
4319.0,13.19,38.9,38.76,460.52,3.91
4325.0,6.85,37.8,38.77,460.50,3.67
4330.0,3.77,37.0,37.85,461.43,3.46
4336.0,3.80,37.0,37.88,461.39,3.26
4342.0,5.13,41.4,38.31,460.97,3.08
4347.0,6.52,44.9,38.78,460.50,2.91
4353.0,3.77,41.4,38.78,460.50,2.77
4359.0,4.87,39.5,38.78,460.50,2.63
4365.0,13.18,39.0,38.79,460.49,2.74
4370.0,13.24,39.1,38.77,460.50,2.92
4376.0,13.23,39.1,38.77,460.51,3.00
4382.0,13.22,39.1,38.77,460.51,3.08
4387.0,13.22,39.1,38.77,460.51,3.16
4393.0,13.22,39.1,38.77,460.50,3.23
4399.0,13.24,39.0,38.77,460.51,3.49
4404.0,13.22,39.1,38.77,460.51,3.53
4410.0,13.26,39.0,38.77,460.50,3.57
4416.0,13.20,39.1,38.76,460.52,3.61
4421.0,13.26,39.1,38.77,460.51,3.72
4427.0,13.24,39.0,38.76,460.51,3.74
4433.0,13.22,38.9,38.76,460.52,3.76
4438.0,13.24,39.0,38.77,460.51,3.87
4444.0,13.22,38.9,38.77,460.51,3.88
4450.0,13.24,38.9,38.77,460.50,3.89
4455.0,5.81,38.4,37.85,461.43,3.66
4461.0,3.75,37.9,37.86,461.42,3.45
4467.0,5.13,41.8,38.28,461.00,3.25
4473.0,6.53,42.2,38.46,460.81,3.07
4478.0,3.77,40.5,38.77,460.51,2.90
4484.0,3.77,38.8,38.78,460.50,2.75
4490.0,10.16,38.5,38.78,460.50,2.93
4495.0,13.17,38.6,38.77,460.51,3.01
4501.0,13.23,38.8,38.77,460.51,3.09
4507.0,13.22,38.8,38.77,460.50,3.16
4512.0,13.21,38.9,38.77,460.51,3.23
4518.0,13.26,38.8,38.77,460.51,3.29
4524.0,13.22,38.9,38.76,460.51,3.48
4529.0,13.22,38.9,38.76,460.52,3.52
4535.0,13.22,39.0,38.76,460.52,3.64
4541.0,13.28,38.9,38.75,460.52,3.67
4546.0,13.21,39.1,38.76,460.52,3.69
4552.0,13.22,39.0,38.76,460.52,3.72
4558.0,13.22,39.0,38.76,460.52,3.74
4563.0,13.26,39.0,38.76,460.52,3.93
4569.0,13.21,39.0,38.75,460.53,4.02
4575.0,13.22,38.9,38.76,460.52,4.02
4580.0,8.70,38.9,37.86,461.42,3.94
4586.0,3.74,38.6,37.86,461.42,3.78
4592.0,5.12,41.1,38.19,461.09,3.64
4598.0,5.13,42.1,38.38,460.90,3.51
4603.0,5.17,42.5,38.75,460.53,3.27
4609.0,3.79,40.0,38.75,460.53,3.09
4615.0,7.17,38.8,38.76,460.52,3.16
4620.0,13.21,38.6,38.75,460.52,3.31
4626.0,13.22,38.9,38.76,460.52,3.37
4632.0,13.21,38.6,38.76,460.52,3.42
4637.0,13.21,38.9,38.75,460.52,3.46
4643.0,13.21,38.8,38.75,460.52,3.51
4649.0,13.20,38.9,38.76,460.52,3.66
4654.0,13.22,38.8,38.76,460.52,3.69
4660.0,13.26,38.8,38.76,460.52,3.71
4666.0,13.20,38.8,38.76,460.52,3.73
4671.0,13.21,38.8,38.76,460.52,3.76
4677.0,13.20,38.6,38.76,460.52,3.94
4683.0,13.23,38.8,38.76,460.51,3.94
4689.0,13.20,38.9,38.76,460.52,4.02
4694.0,13.20,38.8,38.77,460.51,4.02
4700.0,13.21,38.8,38.77,460.51,4.02
4706.0,11.46,38.6,38.77,460.51,3.94
4711.0,3.76,38.1,37.85,461.43,3.70
4717.0,3.75,37.9,37.85,461.42,3.49
4723.0,5.15,41.8,38.31,460.97,3.29
4728.0,6.57,43.1,38.52,460.76,3.01
4734.0,3.75,41.2,38.78,460.50,2.85
4740.0,3.76,39.1,38.78,460.50,2.70
4745.0,11.30,38.5,38.77,460.51,2.80
4751.0,13.24,38.5,38.78,460.50,3.06
4757.0,13.20,38.6,38.78,460.50,3.14
4762.0,13.20,38.6,38.78,460.50,3.20
4768.0,13.21,38.6,38.79,460.49,3.27
4774.0,13.22,38.8,38.78,460.50,3.53
4779.0,13.26,38.8,38.79,460.49,3.57
4785.0,13.22,38.9,38.79,460.49,3.60
4791.0,13.21,38.9,38.79,460.49,3.63
4796.0,13.21,38.9,38.79,460.49,3.66
4802.0,13.21,38.9,38.80,460.48,3.69
4808.0,13.27,38.8,38.79,460.49,3.80
4813.0,13.19,39.0,38.79,460.49,4.05
4819.0,13.21,38.9,38.79,460.49,4.04
4825.0,13.23,39.0,38.79,460.48,4.04
4831.0,13.19,38.9,38.79,460.49,4.12
4836.0,9.33,38.2,38.79,460.49,4.11
4842.0,3.76,38.1,37.87,461.41,3.86
4848.0,5.21,39.9,38.06,461.22,3.63
4853.0,3.73,42.8,38.32,460.95,3.38
4859.0,6.50,43.6,38.77,460.50,3.19
4865.0,3.80,39.8,38.78,460.50,3.01
4870.0,5.61,38.1,38.78,460.50,2.85
4876.0,13.21,38.5,38.77,460.50,2.94
4882.0,13.24,38.8,38.78,460.50,3.03
4887.0,13.19,38.8,38.77,460.50,3.11
4893.0,13.20,39.0,38.78,460.49,3.18
4899.0,13.26,38.9,38.77,460.50,3.45
4904.0,13.22,39.0,38.77,460.50,3.50
4910.0,13.22,38.9,38.77,460.50,3.62
4916.0,13.22,39.0,38.78,460.50,3.65
4921.0,13.21,39.0,38.78,460.50,3.68
4927.0,13.24,39.0,38.78,460.50,3.70
4933.0,13.22,39.0,38.78,460.49,3.73
4939.0,13.24,39.0,38.78,460.49,3.92
4944.0,13.23,38.9,38.78,460.49,3.92
4950.0,13.20,38.9,38.79,460.49,3.93
4956.0,13.23,38.9,38.79,460.49,4.10
4961.0,11.27,38.4,38.79,460.49,4.01
4967.0,4.71,37.9,37.86,461.42,3.77
4973.0,3.74,36.6,37.85,461.42,3.54
4978.0,5.18,41.1,38.28,460.99,3.23
4984.0,6.55,42.9,38.52,460.75,3.05
4990.0,3.74,40.5,38.77,460.51,2.88
4995.0,3.79,38.0,38.77,460.51,2.73
5001.0,11.61,38.2,38.77,460.51,2.83
5007.0,13.22,38.5,38.77,460.51,2.93
5012.0,13.21,38.8,38.77,460.51,3.01
5018.0,13.26,38.6,38.77,460.51,3.17
5024.0,13.21,38.8,38.76,460.52,3.37
5029.0,13.22,38.8,38.76,460.52,3.42
5035.0,13.22,38.8,38.76,460.52,3.47
5041.0,13.23,38.6,38.76,460.52,3.51
5046.0,13.24,38.9,38.76,460.52,3.55
5052.0,13.22,38.6,38.75,460.53,3.59
5058.0,13.22,38.8,38.75,460.53,3.62
5063.0,13.23,38.8,38.75,460.53,3.83
5069.0,13.21,38.8,38.75,460.53,3.84
5075.0,13.21,38.6,38.76,460.52,3.93
5081.0,13.21,38.6,38.76,460.52,3.94
5086.0,13.22,38.5,38.76,460.52,3.94
5092.0,8.46,38.2,37.83,461.44,3.87
5098.0,3.77,36.9,37.84,461.44,3.64
5103.0,5.11,42.1,38.22,461.06,3.31
5109.0,5.13,45.0,38.41,460.87,3.12
5115.0,5.10,42.2,38.77,460.51,2.95
5120.0,3.83,39.0,38.78,460.50,2.87
5126.0,7.69,38.1,38.77,460.51,2.72
5132.0,13.18,38.6,38.77,460.51,2.83
5137.0,13.27,39.0,38.78,460.50,2.92
5143.0,13.21,38.8,38.77,460.51,3.01
5149.0,13.22,39.0,38.77,460.51,3.31
5154.0,13.19,38.9,38.76,460.51,3.36
5160.0,13.21,39.0,38.76,460.51,3.41
5166.0,13.26,39.0,38.77,460.51,3.46
5171.0,13.22,39.1,38.76,460.51,3.51
5177.0,13.21,38.9,38.77,460.51,3.55
5183.0,13.23,39.1,38.78,460.50,3.58
5189.0,13.21,38.9,38.77,460.51,3.80
5194.0,13.21,39.0,38.77,460.51,3.82
5200.0,13.23,38.9,38.77,460.51,3.91
5206.0,13.24,39.1,38.77,460.51,3.92
5211.0,13.23,39.0,38.77,460.51,3.93
5217.0,12.65,38.8,38.77,460.51,3.93
5223.0,3.75,38.2,37.85,461.43,3.70
5228.0,5.08,39.8,38.00,461.28,3.44
5234.0,3.83,41.0,38.29,460.99,3.24
5240.0,6.53,42.9,38.76,460.52,3.06
5245.0,3.75,40.2,38.77,460.51,2.90
5251.0,5.66,38.8,38.78,460.50,2.74
5257.0,13.25,38.4,38.78,460.50,2.84
5262.0,13.21,38.6,38.78,460.49,3.02
5268.0,13.22,38.5,38.78,460.49,3.10
5274.0,13.24,38.5,38.78,460.50,3.47
5279.0,13.20,38.5,38.77,460.50,3.51
5285.0,13.25,38.6,38.77,460.51,3.55
5291.0,13.22,38.6,38.77,460.51,3.67
5297.0,13.22,38.6,38.76,460.51,3.85
5302.0,13.23,38.6,38.75,460.52,3.87
5308.0,13.23,38.8,38.76,460.51,3.88
5314.0,13.20,38.6,38.76,460.52,3.97
5319.0,13.19,38.6,38.75,460.52,3.97
5325.0,13.23,38.6,38.75,460.53,4.06
5331.0,13.22,38.8,38.75,460.52,4.05
5336.0,13.21,38.8,38.76,460.52,4.05
5342.0,13.02,38.6,38.75,460.53,4.04
5348.0,4.99,38.4,37.85,461.42,3.88
5353.0,3.77,37.9,37.86,461.42,3.51
5359.0,5.14,42.8,38.28,461.00,3.31
5365.0,6.56,43.4,38.45,460.83,3.12
5370.0,3.75,40.8,38.76,460.51,2.95
5376.0,3.75,38.9,38.76,460.52,2.80
5382.0,9.87,38.5,38.76,460.51,2.89
5387.0,13.21,38.5,38.76,460.51,2.98
5393.0,13.22,38.6,38.77,460.51,3.06
5399.0,13.25,38.6,38.77,460.51,3.28
5404.0,13.25,39.0,38.77,460.51,3.34
5410.0,13.21,38.8,38.76,460.51,3.39
5416.0,13.22,38.9,38.77,460.51,3.44
5421.0,13.28,38.5,38.77,460.51,3.49
5427.0,13.23,38.6,38.77,460.51,3.53
5433.0,13.22,38.6,38.77,460.51,3.65
5439.0,13.23,38.8,38.77,460.51,3.77
5444.0,13.23,38.6,38.77,460.50,3.79
5450.0,13.24,38.8,38.77,460.50,3.89
5456.0,13.20,38.6,38.77,460.50,3.90
5461.0,13.23,38.9,38.78,460.50,3.91
5467.0,13.22,38.6,38.78,460.50,3.91
5473.0,8.10,38.4,38.77,460.50,3.84
5478.0,3.75,37.6,37.86,461.42,3.48
5484.0,3.76,36.4,37.86,461.42,3.28
5490.0,5.16,42.4,38.30,460.98,3.10
5495.0,6.54,42.9,38.74,460.54,5.41
5501.0,3.82,40.5,38.77,460.51,5.06
5507.0,3.81,38.8,38.77,460.51,4.73
5512.0,12.58,38.6,38.77,460.51,4.75
5518.0,13.22,38.6,38.76,460.51,4.69
5524.0,13.22,38.8,38.76,460.52,4.66
5529.0,13.21,38.8,38.76,460.51,4.61
5535.0,13.23,38.8,38.77,460.51,4.56
5541.0,13.22,38.8,38.77,460.51,4.51
5547.0,13.21,38.6,38.77,460.51,4.47
5552.0,13.24,38.9,38.77,460.51,4.52
5558.0,13.20,38.8,38.76,460.51,4.47
5564.0,13.21,38.8,38.76,460.51,4.47
5569.0,13.22,38.8,38.76,460.52,4.44
5575.0,13.22,38.8,38.76,460.52,4.40
5581.0,13.22,38.8,38.76,460.52,4.37
5586.0,13.23,38.6,38.76,460.52,4.34
5592.0,13.22,38.8,38.77,460.51,4.39
5598.0,12.96,38.6,38.77,460.51,4.44
5603.0,5.98,38.2,37.87,461.41,4.13
5609.0,3.76,38.0,37.85,461.43,3.88
5615.0,5.15,41.2,38.21,461.07,3.65
5620.0,5.15,42.4,38.41,460.87,3.44
5626.0,5.10,42.1,38.77,460.51,3.32
5632.0,3.75,39.6,38.77,460.50,3.14
5637.0,7.99,38.6,38.77,460.51,2.97
5643.0,13.24,38.4,38.77,460.51,3.05
5649.0,13.26,38.6,38.78,460.50,3.27
5654.0,13.23,38.5,38.77,460.51,3.33
5660.0,13.24,38.6,38.77,460.51,3.38
5666.0,13.24,38.5,38.76,460.52,3.43
5672.0,13.24,38.6,38.77,460.51,3.48
5677.0,13.20,38.6,38.77,460.51,3.52
5683.0,13.25,38.8,38.78,460.50,3.56
5689.0,13.18,38.5,38.78,460.50,3.70
5694.0,13.23,38.8,38.78,460.50,3.72
5700.0,13.21,38.6,38.77,460.50,3.75
5706.0,13.21,38.6,38.78,460.50,3.85
5711.0,13.21,38.6,38.78,460.50,3.94
5717.0,13.21,38.6,38.78,460.50,3.94
5723.0,13.27,38.5,38.79,460.49,3.95
5728.0,10.94,38.4,38.79,460.49,3.87
5734.0,4.29,37.2,37.87,461.41,3.64
5740.0,3.81,36.1,37.87,461.41,3.43
5745.0,5.09,40.8,38.32,460.96,3.23
5751.0,6.54,43.2,38.77,460.51,3.06
5757.0,3.76,41.0,38.78,460.50,2.97
5762.0,3.79,38.4,38.77,460.51,2.81
5768.0,12.74,38.2,38.77,460.51,2.91
5774.0,13.24,38.6,38.77,460.51,3.15
5779.0,13.21,38.5,38.78,460.50,3.22
5785.0,13.22,38.5,38.77,460.51,3.36
5791.0,13.22,38.5,38.78,460.50,3.41
5797.0,13.22,38.6,38.78,460.50,3.46
5802.0,13.19,38.6,38.78,460.50,3.50
5808.0,13.22,38.5,38.77,460.50,3.62
5814.0,13.25,38.5,38.78,460.50,3.75
5819.0,13.19,38.5,38.78,460.49,3.77
5825.0,13.21,38.6,38.78,460.50,3.79
5831.0,13.22,38.5,38.78,460.49,3.81
5836.0,13.23,38.6,38.78,460.50,3.83
5842.0,13.22,38.5,38.77,460.50,3.84
5848.0,13.21,38.6,38.77,460.51,3.93
5853.0,12.95,38.5,38.77,460.50,3.94
5859.0,6.67,38.1,37.83,461.44,3.78
5865.0,3.82,37.8,37.84,461.44,3.56
5870.0,5.19,41.1,38.20,461.08,3.35
5876.0,5.13,41.6,38.39,460.89,3.16
5882.0,5.13,42.1,38.74,460.54,3.07
5887.0,3.80,39.6,38.74,460.54,2.91
5893.0,7.43,38.5,38.74,460.53,2.75
5899.0,13.22,38.2,38.74,460.53,3.02
5904.0,13.24,38.6,38.75,460.53,3.10
5910.0,13.21,38.5,38.75,460.52,3.17
5916.0,13.21,38.8,38.75,460.52,3.32
5922.0,13.21,38.5,38.75,460.53,3.37
5927.0,13.23,38.8,38.74,460.54,3.42
5933.0,13.21,38.5,38.74,460.54,3.55
5939.0,13.23,38.5,38.74,460.53,3.69
5944.0,13.21,38.5,38.75,460.53,3.80
5950.0,13.21,38.6,38.74,460.54,3.89
5956.0,13.21,38.6,38.74,460.54,3.90
5961.0,13.24,38.6,38.75,460.53,3.91
5967.0,13.23,38.6,38.75,460.53,3.92
5973.0,13.21,38.6,38.75,460.53,3.92
5978.0,13.25,38.6,38.74,460.54,4.01
5984.0,12.44,38.6,38.73,460.54,3.93
5990.0,4.06,37.8,37.84,461.44,3.69
5995.0,3.72,37.6,37.85,461.43,3.48
6001.0,5.13,40.9,38.28,461.00,3.28
6007.0,6.53,41.6,38.64,460.63,3.10
6012.0,3.72,39.4,38.77,460.51,2.93
6018.0,3.76,37.4,38.77,460.51,2.77
6024.0,12.17,38.1,38.77,460.51,2.82
6030.0,13.22,38.5,38.77,460.51,2.91
6035.0,13.18,38.5,38.77,460.50,3.00
6041.0,13.21,38.4,38.77,460.51,3.08
6047.0,13.22,38.5,38.77,460.50,3.15
6052.0,13.22,38.5,38.78,460.50,3.22
6058.0,13.19,38.5,38.77,460.51,3.36
6064.0,13.24,38.5,38.77,460.50,3.54
6069.0,13.20,38.5,38.78,460.49,3.57
6075.0,13.22,38.5,38.79,460.49,3.61
6081.0,13.21,38.5,38.78,460.49,3.64
6086.0,13.20,38.5,38.79,460.49,3.67
6092.0,13.21,38.5,38.79,460.48,3.70
6098.0,13.20,38.5,38.79,460.48,3.72
6103.0,13.26,38.5,38.79,460.48,3.84
6109.0,13.24,38.4,38.79,460.48,3.85
6115.0,8.28,38.4,37.87,461.41,3.62
6121.0,3.77,37.6,37.87,461.41,3.41
6126.0,5.18,41.5,38.31,460.97,3.22
6132.0,6.54,42.0,38.49,460.79,3.04
6138.0,3.78,40.2,38.80,460.48,2.88
6143.0,3.79,37.9,38.79,460.49,2.73
6149.0,9.88,37.6,38.79,460.49,2.77
6155.0,13.22,38.1,38.78,460.50,2.87
6160.0,13.23,38.4,38.77,460.50,2.96
6166.0,13.22,38.4,38.77,460.51,3.05
6172.0,13.23,38.5,38.78,460.50,3.12
6177.0,13.22,38.4,38.77,460.51,3.19
6183.0,13.24,38.8,38.77,460.51,3.26
6189.0,13.22,38.6,38.77,460.50,3.52
6194.0,13.20,38.8,38.78,460.50,3.56
6200.0,13.25,38.6,38.78,460.50,3.59
6206.0,13.21,38.8,38.77,460.50,3.63
6211.0,13.22,38.8,38.77,460.51,3.66
6217.0,13.23,38.8,38.77,460.50,3.69
6223.0,13.25,38.8,38.77,460.50,3.71
6229.0,13.22,38.6,38.78,460.50,3.83
6234.0,13.23,38.6,38.78,460.50,3.84
6240.0,9.53,38.5,38.77,460.51,3.86
6246.0,3.79,38.0,37.86,461.42,3.71
6251.0,5.16,40.6,38.07,461.20,3.49
6257.0,5.13,42.6,38.37,460.91,3.29
6263.0,5.14,41.6,38.76,460.52,3.11
6268.0,3.76,39.4,38.76,460.52,2.94
6274.0,6.69,38.4,38.76,460.51,3.10
6280.0,13.21,38.2,38.76,460.51,3.25
6285.0,13.21,38.5,38.76,460.51,3.47
6291.0,13.22,38.4,38.76,460.52,3.52
6297.0,13.24,38.5,38.75,460.52,3.56
6302.0,13.22,38.4,38.76,460.52,3.59
6308.0,13.22,38.5,38.76,460.52,3.62
6314.0,13.21,38.5,38.76,460.52,3.76
6320.0,13.21,38.5,38.76,460.52,3.86
6325.0,13.26,38.4,38.76,460.52,3.87
6331.0,13.23,38.5,38.77,460.51,3.88
6337.0,13.21,38.5,38.77,460.51,3.97
6342.0,13.24,38.5,38.76,460.51,3.97
6348.0,13.20,38.5,38.76,460.51,3.97
6354.0,13.22,38.5,38.76,460.51,4.05
6359.0,13.23,38.4,38.77,460.51,4.05
6365.0,12.76,38.4,38.77,460.51,4.04
6371.0,5.08,37.5,37.85,461.43,3.80
6376.0,3.79,36.4,37.85,461.43,3.57
6382.0,5.12,41.9,38.29,460.98,3.37
6388.0,6.52,42.6,38.50,460.78,3.34
6393.0,3.72,40.1,38.76,460.52,3.15
6399.0,3.74,37.8,38.76,460.52,2.89
6405.0,11.18,37.9,38.76,460.52,2.98
6410.0,13.23,38.1,38.76,460.52,3.14
6416.0,13.21,38.4,38.76,460.52,3.21
6422.0,13.22,38.4,38.76,460.52,3.28
6427.0,13.17,38.4,38.76,460.51,3.33
6433.0,13.23,38.4,38.77,460.51,3.39
6439.0,13.20,38.5,38.77,460.51,3.56
6445.0,13.20,38.4,38.77,460.51,3.59
6450.0,13.21,38.5,38.76,460.51,3.62
6456.0,13.22,38.4,38.76,460.52,3.65
6462.0,13.26,38.5,38.76,460.52,3.68
6467.0,13.23,38.5,38.76,460.52,3.71
6473.0,13.22,38.5,38.76,460.51,3.81
6479.0,13.23,38.4,38.77,460.51,3.91
6484.0,13.22,38.5,38.76,460.52,3.92
6490.0,13.20,38.5,38.76,460.52,3.93
6496.0,8.21,38.1,38.28,460.99,3.69
6501.0,3.77,37.8,37.85,461.43,3.48
6507.0,5.17,40.8,38.08,461.20,3.28
6513.0,5.14,43.2,38.37,460.91,3.18
6518.0,5.13,41.9,38.76,460.52,2.84
6524.0,3.74,39.5,38.76,460.52,2.69
6530.0,6.68,38.1,38.75,460.52,2.80
6535.0,13.26,38.2,38.76,460.51,2.89
6541.0,13.23,38.6,38.76,460.51,2.98
6547.0,13.21,38.5,38.77,460.51,3.07
6553.0,13.23,38.8,38.77,460.51,3.14
6558.0,13.21,38.6,38.76,460.52,3.21
6564.0,13.22,38.8,38.76,460.51,3.55
6570.0,13.22,38.6,38.77,460.51,3.59
6575.0,13.25,38.6,38.77,460.51,3.62
6581.0,13.26,38.8,38.76,460.51,3.73
6587.0,13.22,38.9,38.76,460.52,3.75
6592.0,13.20,38.8,38.76,460.52,3.85
6598.0,13.23,38.9,38.76,460.52,3.87
6604.0,13.23,38.9,38.76,460.52,4.04
6609.0,13.22,38.8,38.76,460.52,4.04
6615.0,13.21,38.6,38.76,460.52,4.03
6621.0,12.28,38.4,38.77,460.51,4.03
6626.0,4.35,37.9,37.84,461.44,4.03
6632.0,3.77,37.5,37.84,461.44,3.79
6638.0,5.15,42.8,38.29,460.99,3.56
6643.0,6.52,43.4,38.50,460.78,3.17
6649.0,3.74,40.0,38.76,460.52,2.99
6655.0,3.79,37.5,38.75,460.53,2.83
6660.0,11.51,37.9,38.76,460.52,2.93
6666.0,13.25,38.1,38.75,460.52,3.09
6672.0,13.23,38.4,38.76,460.52,3.17
6678.0,13.22,38.4,38.75,460.53,3.23
6683.0,13.21,38.5,38.76,460.52,3.29
6689.0,13.22,38.5,38.75,460.52,3.48
6695.0,13.21,38.5,38.75,460.53,3.52
6700.0,13.27,38.5,38.75,460.53,3.56
6706.0,13.18,38.5,38.75,460.53,3.59
6712.0,13.23,38.4,38.76,460.52,3.71
6717.0,13.23,38.5,38.76,460.51,3.73
6723.0,13.23,38.4,38.76,460.52,3.75
6729.0,13.24,38.6,38.75,460.53,3.86
6734.0,13.22,38.5,38.76,460.52,3.88
6740.0,13.24,38.6,38.75,460.53,3.89
6746.0,13.23,38.5,38.75,460.53,3.90
6751.0,8.45,37.8,37.87,461.40,3.90
6757.0,3.74,36.6,37.83,461.45,3.67
6763.0,5.16,40.6,38.07,461.21,3.46
6769.0,5.12,43.2,38.35,460.93,3.15
6774.0,5.15,41.6,38.75,460.53,2.98
6780.0,3.77,39.2,38.75,460.53,2.82
6786.0,6.66,38.2,38.75,460.53,2.68
6791.0,13.21,38.2,38.75,460.52,2.78
6797.0,13.25,38.6,38.75,460.52,2.88
6803.0,13.20,38.2,38.75,460.53,2.97
6808.0,13.22,38.4,38.75,460.53,3.05
6814.0,13.21,38.4,38.75,460.53,3.35
6820.0,13.28,38.4,38.75,460.53,3.40
6825.0,13.20,38.4,38.76,460.52,3.45
6831.0,13.21,38.4,38.76,460.52,3.49
6837.0,13.22,38.4,38.76,460.52,3.53
6842.0,13.24,38.4,38.76,460.51,3.57
6848.0,13.21,38.4,38.76,460.51,3.60
6854.0,13.20,38.5,38.76,460.52,3.82
6859.0,13.21,38.5,38.77,460.51,3.83
6865.0,13.20,38.6,38.77,460.51,3.85
6871.0,13.22,38.5,38.77,460.51,3.86
6877.0,12.69,38.4,38.77,460.50,3.87
6882.0,4.50,38.0,37.87,461.41,3.64
6888.0,3.79,37.6,37.88,461.40,3.59
6894.0,5.09,40.8,38.31,460.97,5.11
6899.0,6.56,42.0,38.79,460.49,4.86
6905.0,3.78,38.9,38.79,460.49,4.55
6911.0,4.13,37.2,38.78,460.49,4.26
6916.0,13.15,37.9,38.78,460.50,4.24
6922.0,13.21,38.2,38.78,460.49,4.22
6928.0,13.27,38.2,38.78,460.49,4.20
6933.0,13.22,38.2,38.79,460.49,4.19
6939.0,13.29,38.4,38.79,460.49,4.23
6945.0,13.20,38.2,38.79,460.49,4.21
6950.0,13.23,38.4,38.78,460.49,4.20
6956.0,13.22,38.4,38.79,460.49,4.18
6962.0,13.22,38.2,38.79,460.49,4.17
6967.0,13.26,38.2,38.78,460.50,4.15
6973.0,13.24,38.4,38.77,460.50,4.22
6979.0,13.22,38.4,38.76,460.51,4.34
6985.0,13.24,38.4,38.77,460.51,4.31
6990.0,13.22,38.4,38.77,460.51,4.29
6996.0,13.22,38.4,38.77,460.51,4.26
7002.0,13.21,38.2,38.77,460.51,4.24
7007.0,5.87,37.9,37.86,461.42,4.06
7013.0,3.79,36.6,37.86,461.42,3.82
7019.0,5.16,41.9,38.22,461.06,3.46
7024.0,5.13,43.4,38.42,460.86,3.26
7030.0,5.08,42.0,38.76,460.52,3.08
7036.0,3.72,39.4,38.76,460.52,2.91
7041.0,8.51,38.4,38.76,460.52,3.40
7047.0,13.20,38.1,38.76,460.52,3.45
7053.0,13.21,38.4,38.75,460.52,3.49
7058.0,13.22,38.4,38.76,460.52,3.53
7064.0,13.26,38.6,38.76,460.52,3.68
7070.0,13.23,38.4,38.76,460.52,3.79
7076.0,13.23,38.4,38.76,460.52,3.80
7081.0,13.21,38.4,38.77,460.51,3.82
7087.0,13.24,38.5,38.76,460.52,3.83
7093.0,13.20,38.4,38.76,460.52,3.85
7098.0,13.22,38.6,38.76,460.52,3.86
7104.0,13.22,38.5,38.77,460.51,3.96
7110.0,13.22,38.5,38.77,460.50,3.96
7115.0,13.20,38.5,38.77,460.51,3.96
7121.0,13.21,38.5,38.77,460.51,3.97
7127.0,13.25,38.5,38.77,460.51,3.97
7132.0,11.21,38.2,38.77,460.51,4.05
7138.0,3.77,37.8,37.86,461.42,3.81
7144.0,3.78,37.5,37.88,461.40,3.45
7149.0,5.06,40.5,38.32,460.95,3.25
7155.0,6.54,43.2,38.78,460.49,3.07
7161.0,3.74,39.9,38.79,460.49,2.91
7167.0,3.78,37.5,38.78,460.50,2.83
7172.0,13.05,38.1,38.78,460.50,2.93
7178.0,13.24,38.4,38.78,460.50,3.01
7183.0,13.21,38.6,38.78,460.49,3.09
7189.0,13.21,38.8,38.77,460.50,3.31
7195.0,13.23,38.6,38.77,460.51,3.36
7201.0,13.22,38.8,38.77,460.51,3.49
7206.0,13.26,38.6,38.77,460.51,3.53
7212.0,13.22,38.8,38.76,460.51,3.65
7218.0,13.23,38.6,38.76,460.51,3.68
7223.0,13.22,38.6,38.77,460.51,3.71
7229.0,13.26,38.8,38.77,460.51,3.90
7235.0,13.22,38.6,38.76,460.51,3.91
7240.0,13.20,38.6,38.76,460.52,3.91
7246.0,13.21,38.6,38.76,460.51,3.92
7252.0,13.21,38.8,38.77,460.51,3.93
7257.0,13.20,38.6,38.78,460.50,3.93
7263.0,7.11,38.0,37.86,461.42,3.94
7269.0,3.77,36.5,37.86,461.42,3.56
7274.0,5.16,41.8,38.26,461.02,3.36
7280.0,6.52,43.1,38.44,460.84,3.17
7286.0,3.71,40.8,38.76,460.52,2.99
7292.0,3.78,38.8,38.77,460.50,2.83
7297.0,9.12,38.4,38.78,460.50,2.69
7303.0,13.28,38.4,38.76,460.51,2.79
7309.0,13.20,38.5,38.75,460.53,3.05
7314.0,13.18,38.5,38.75,460.53,3.13
7320.0,13.21,38.8,38.75,460.53,3.20
7326.0,13.25,38.5,38.75,460.53,3.34
7331.0,13.23,38.8,38.74,460.53,3.40
7337.0,13.23,38.6,38.75,460.53,3.44
7343.0,13.23,38.6,38.74,460.54,3.49
7348.0,13.23,38.4,38.73,460.54,3.53
7354.0,13.20,38.4,38.74,460.54,3.68
7360.0,13.21,38.2,38.74,460.54,3.70
7365.0,13.20,38.4,38.75,460.53,3.73
7371.0,13.21,38.4,38.75,460.53,3.75
7377.0,13.21,38.5,38.75,460.53,3.77
7382.0,13.17,38.2,38.76,460.52,3.79
7388.0,10.40,38.1,38.75,460.53,3.81
7394.0,3.74,37.6,37.83,461.44,3.45
7400.0,3.81,37.2,37.83,461.45,3.25
7405.0,5.13,41.9,38.28,461.00,3.15
7411.0,6.56,42.6,38.75,460.52,3.06
7417.0,3.76,39.8,38.75,460.52,2.89
7422.0,4.18,37.8,38.76,460.52,2.74
7428.0,13.16,38.1,38.76,460.52,2.84
7434.0,13.21,38.5,38.76,460.51,3.24
7439.0,13.19,38.4,38.76,460.51,3.30
7445.0,13.25,38.5,38.77,460.51,3.36
7451.0,13.18,38.5,38.76,460.52,3.41
7456.0,13.21,38.4,38.76,460.51,3.54
7462.0,13.20,38.5,38.76,460.51,3.57
7468.0,13.23,38.5,38.77,460.51,3.61
7473.0,13.23,38.4,38.77,460.51,3.64
7479.0,13.23,38.4,38.77,460.51,3.77
7485.0,13.21,38.4,38.76,460.51,3.79
7491.0,13.20,38.5,38.76,460.52,3.81
7496.0,13.22,38.4,38.76,460.51,3.82
7502.0,13.23,38.5,38.76,460.52,3.84
7508.0,13.19,38.4,38.76,460.52,3.85
7513.0,12.90,38.2,38.76,460.52,3.86
7519.0,6.13,37.9,37.83,461.44,3.64
7525.0,3.76,37.2,37.83,461.45,3.43
7530.0,5.20,40.9,38.27,461.01,3.24
7536.0,6.57,41.9,38.44,460.84,5.54
7542.0,3.78,41.1,38.75,460.53,5.18
7547.0,3.77,39.0,38.75,460.52,4.84
7553.0,9.77,38.2,38.76,460.52,4.53
7559.0,13.22,38.2,38.77,460.51,4.45
7564.0,13.23,38.5,38.77,460.51,4.41
7570.0,13.20,38.4,38.77,460.50,4.38
7576.0,13.22,38.6,38.77,460.51,4.35
7581.0,13.23,38.5,38.77,460.51,4.32
7587.0,13.21,38.6,38.77,460.51,4.30
7593.0,13.23,38.2,38.77,460.50,4.27
7598.0,13.21,38.5,38.77,460.50,4.25
7604.0,13.20,38.4,38.77,460.51,4.36
7610.0,13.20,38.5,38.77,460.51,4.33
7615.0,13.26,38.4,38.76,460.51,4.30
7621.0,13.23,38.5,38.76,460.52,4.28
7627.0,13.22,38.5,38.76,460.52,4.26
7633.0,13.21,38.6,38.75,460.52,4.24
7638.0,13.16,38.5,38.76,460.51,4.22
7644.0,8.69,38.1,38.76,460.51,3.94
7650.0,3.78,37.2,37.87,461.41,3.71
7655.0,3.78,37.4,37.89,461.38,3.49
7661.0,5.15,42.6,38.29,460.98,3.37
7667.0,6.55,43.5,38.78,460.50,3.18
7672.0,3.76,39.8,38.78,460.50,3.01
7678.0,4.86,37.6,38.79,460.49,2.84
7684.0,13.22,38.0,38.78,460.49,2.94
7689.0,13.21,38.2,38.79,460.48,3.40
7695.0,13.21,38.2,38.80,460.48,3.44
7701.0,13.24,38.4,38.79,460.49,3.57
7706.0,13.21,38.5,38.78,460.49,3.60
7712.0,13.23,38.5,38.78,460.50,3.64
7718.0,13.21,38.5,38.79,460.49,3.67
7723.0,13.22,38.5,38.79,460.49,3.69
7729.0,13.22,38.6,38.79,460.49,3.89
7735.0,13.22,38.6,38.78,460.50,3.90
7740.0,13.22,38.5,38.77,460.50,3.91
7746.0,13.21,38.6,38.77,460.51,3.91
7752.0,13.19,38.5,38.78,460.50,3.92
7758.0,13.23,38.6,38.78,460.50,3.93
7763.0,13.22,38.6,38.78,460.50,3.93
7769.0,13.21,38.5,38.77,460.51,4.02
7775.0,5.70,38.1,37.85,461.43,3.77
7780.0,3.85,37.5,37.85,461.42,3.55
7786.0,5.18,40.5,38.24,461.04,3.35
7792.0,5.11,41.4,38.43,460.84,3.16
7797.0,5.10,40.5,38.77,460.50,2.99
7803.0,3.79,38.6,38.78,460.50,2.83
7809.0,8.24,38.0,38.77,460.50,2.68
7814.0,13.24,38.1,38.78,460.50,2.96
7820.0,13.20,38.2,38.78,460.50,3.04
7826.0,13.22,38.1,38.78,460.50,3.28
7831.0,13.22,38.2,38.78,460.50,3.34
7837.0,13.22,38.1,38.77,460.51,3.39
7843.0,13.21,38.4,38.77,460.51,3.44
7848.0,13.20,38.2,38.77,460.50,3.48
7854.0,13.22,38.5,38.78,460.50,3.64
7860.0,13.21,38.2,38.78,460.50,3.67
7866.0,13.21,38.4,38.78,460.50,3.69
7871.0,13.22,38.4,38.78,460.49,3.72
7877.0,13.19,38.2,38.78,460.49,3.74
7883.0,13.23,38.1,38.78,460.50,3.76
7888.0,13.22,38.2,38.78,460.49,3.78
7894.0,13.23,38.2,38.78,460.49,4.04
7900.0,11.25,38.0,38.78,460.50,3.95
7905.0,3.79,37.6,37.87,461.41,3.72
7911.0,3.80,37.4,37.87,461.41,3.50
7917.0,5.09,42.5,38.31,460.97,3.30
7922.0,6.53,42.8,38.78,460.50,3.11
7928.0,3.84,39.9,38.78,460.49,2.94
7934.0,4.14,38.2,38.78,460.49,2.89
7939.0,13.17,38.1,38.79,460.49,2.98
7945.0,13.22,38.2,38.79,460.49,3.06
7951.0,13.22,38.2,38.79,460.49,3.13
7956.0,13.23,38.1,38.79,460.49,3.20
7962.0,13.22,38.2,38.78,460.49,3.27
7968.0,13.22,38.1,38.79,460.49,3.33
7974.0,13.21,38.2,38.78,460.50,3.38
7979.0,13.22,38.2,38.78,460.50,3.55
7985.0,13.21,38.2,38.79,460.49,3.59
7991.0,13.22,38.1,38.79,460.49,3.62
7996.0,13.21,38.2,38.79,460.49,3.65
8002.0,13.24,38.2,38.78,460.50,3.76
8008.0,13.21,38.4,38.78,460.50,3.78
8013.0,13.23,38.5,38.78,460.50,3.80
8019.0,13.22,38.4,38.78,460.49,3.90
8025.0,12.52,38.1,38.79,460.49,3.83
8030.0,6.15,37.8,37.87,461.41,3.60
8036.0,3.75,36.2,37.87,461.40,3.39
8042.0,3.79,35.8,37.87,461.40,3.20
8047.0,3.83,35.6,37.87,461.41,3.03
8053.0,3.76,35.2,37.86,461.41,2.86
8059.0,3.79,36.1,37.87,461.41,2.58
8064.0,3.76,37.0,37.87,461.41,2.45
8070.0,3.76,37.0,37.87,461.41,2.33
